0 90 1
16 90 1
32 90 1
64 90 1
80 90 1
96 90 1
112 90 1
128 90 1
144 90 1
160 90 1
176 90 1
192 90 1
208 90 1
224 90 1
240 90 1
256 90 1
272 90 1
288 90 1
304 90 1
304 106 1
0 298 1
0 314 1
0 330 1
0 346 1
0 362 1
0 282 1
0 266 1
0 250 1
0 234 1
0 218 1
0 202 1
0 186 1
0 170 1
0 154 1
96 138 2
112 154 2
112 170 2
96 202 2
32 234 2
256 202 2
160 186 2
96 170 2
80 154 2
80 138 2
64 138 2
144 138 2
128 138 2
112 138 2
256 138 2
240 138 2
224 138 2
208 138 2
192 138 2
176 138 2
160 138 2
48 138 2
32 138 2
256 154 2
176 154 2
160 154 2
144 154 2
128 154 2
96 154 2
48 154 2
32 154 2
32 170 2
48 170 2
80 170 2
128 170 2
144 170 2
160 170 2
176 170 2
256 170 2
256 186 2
224 186 2
208 186 2
176 186 2
128 202 2
112 202 2
80 202 2
48 186 2
32 186 2
32 218 2
48 314 2
48 330 2
48 346 2
48 362 2
32 362 2
64 362 2
80 362 2
96 362 2
112 362 2
128 362 2
240 362 2
256 362 2
256 282 2
256 266 2
256 250 2
256 234 2
256 218 2
224 170 2
208 170 2
224 202 2
208 202 2
176 202 2
160 202 2
144 202 2
144 186 2
128 186 2
112 186 2
96 186 2
80 186 2
32 202 2
80 218 2
224 218 2
224 234 2
80 234 2
32 250 2
32 266 2
32 314 2
32 330 2
32 346 2
32 282 2
32 298 2
64 346 2
96 346 2
112 346 2
128 346 2
144 346 2
160 346 2
176 346 2
192 346 2
208 346 2
224 346 2
240 346 2
256 346 2
256 330 2
256 298 2
224 298 2
240 266 2
240 250 2
224 250 2
80 250 2
80 346 2
224 314 2
208 314 2
192 314 2
176 314 2
160 314 2
144 314 2
128 314 2
224 266 2
0 106 1
0 138 1
16 106 1
16 138 1
16 154 1
16 170 1
16 186 1
16 202 1
16 218 1
16 234 1
16 250 1
16 266 1
16 362 1
16 346 1
16 330 1
16 314 1
16 298 1
16 282 1
288 106 1
272 106 1
256 106 1
240 106 1
224 106 1
208 106 1
192 106 1
176 106 1
160 106 1
144 106 1
128 106 1
112 106 1
96 106 1
80 106 1
64 106 1
48 106 1
192 170 2
192 186 2
192 202 2
240 234 2
240 218 2
240 202 2
240 186 2
224 154 2
208 154 2
192 154 2
240 154 2
240 170 2
224 282 2
240 282 2
240 298 2
240 314 2
256 314 2
240 330 2
224 330 2
208 330 2
192 330 2
176 330 2
160 330 2
144 330 2
128 330 2
112 330 2
96 330 2
64 330 2
64 314 2
64 298 2
64 282 2
64 266 2
64 250 2
64 234 2
48 218 2
48 202 2
64 186 2
64 202 2
64 218 2
64 154 2
64 170 2
48 234 2
48 250 2
48 266 2
48 282 2
48 298 2
80 298 2
112 314 2
144 218 2
160 218 2
160 234 2
144 234 2
128 234 2
112 234 2
112 250 2
112 266 2
112 282 2
128 266 2
128 250 2
144 250 2
160 250 2
176 234 2
192 234 2
192 250 2
208 250 2
208 266 2
192 266 2
176 266 2
176 250 2
160 266 2
144 266 2
144 282 2
144 298 2
160 298 2
160 282 2
176 282 2
192 282 2
192 218 2
208 218 2
208 234 2
176 218 2
128 218 2
96 218 2
96 234 2
96 266 2
96 282 2
96 250 2
96 314 2
80 330 2
80 314 2
96 298 2
80 282 2
176 298 2
192 298 2
128 298 2
208 298 2
112 298 2
128 282 2
80 266 2
112 218 2
208 282 2
0 378 1
0 394 1
0 410 1
0 426 1
0 442 1
0 458 1
0 474 1
0 490 1
0 506 1
0 522 1
0 538 1
0 554 1
16 554 1
16 538 1
16 522 1
16 458 1
16 442 1
16 426 1
16 410 1
16 394 1
16 378 1
16 474 1
16 490 1
16 506 1
464 106 1
464 90 1
448 90 1
448 106 1
432 106 1
416 106 1
400 106 1
384 106 1
368 106 1
352 106 1
336 106 1
320 106 1
432 90 1
416 90 1
400 90 1
384 90 1
368 90 1
352 90 1
336 90 1
320 90 1
432 138 2
432 154 2
432 170 2
432 298 2
432 314 2
432 330 2
432 346 2
432 362 2
432 378 2
432 394 2
432 410 2
432 426 2
432 442 2
432 458 2
432 474 2
432 490 2
432 506 2
432 522 2
416 522 2
416 506 2
416 490 2
416 474 2
416 458 2
416 442 2
416 426 2
416 410 2
416 394 2
416 378 2
416 362 2
416 346 2
416 330 2
416 314 2
416 298 2
416 282 2
416 266 2
416 250 2
416 234 2
416 218 2
416 202 2
416 186 2
416 170 2
416 154 2
416 138 2
400 138 2
400 154 2
400 170 2
400 186 2
400 202 2
400 218 2
400 234 2
400 250 2
400 266 2
400 282 2
400 298 2
400 314 2
400 330 2
400 346 2
400 362 2
400 378 2
400 394 2
400 410 2
400 426 2
400 442 2
400 458 2
400 474 2
400 490 2
400 506 2
400 522 2
336 522 2
336 506 2
336 490 2
336 474 2
336 458 2
336 442 2
336 426 2
336 410 2
336 394 2
336 378 2
336 362 2
336 346 2
336 330 2
336 314 2
336 298 2
336 282 2
336 266 2
336 250 2
336 234 2
336 218 2
336 202 2
336 186 2
336 170 2
336 154 2
336 138 2
384 298 2
384 314 2
368 314 2
352 330 2
352 346 2
352 362 2
352 378 2
352 394 2
352 410 2
352 426 2
352 442 2
352 458 2
352 474 2
352 490 2
352 506 2
352 522 2
368 522 2
384 522 2
384 186 2
384 170 2
368 154 2
352 154 2
352 138 2
352 170 2
352 186 2
352 202 2
352 218 2
352 234 2
352 250 2
352 266 2
352 282 2
352 298 2
352 314 2
368 474 2
384 474 2
384 490 2
384 506 2
384 458 2
384 442 2
384 426 2
384 410 2
384 394 2
384 378 2
384 362 2
384 346 2
384 330 2
384 282 2
384 266 2
384 250 2
384 234 2
384 218 2
384 202 2
384 154 2
384 138 2
368 426 2
368 442 2
368 490 2
368 506 2
368 458 2
368 410 2
368 394 2
368 378 2
368 362 2
368 346 2
368 330 2
368 298 2
368 282 2
368 266 2
368 250 2
368 234 2
368 218 2
368 202 2
368 186 2
368 170 2
368 138 2
288 138 2
288 154 2
288 170 2
288 186 2
288 202 2
288 218 2
288 234 2
288 250 2
288 266 2
288 282 2
288 298 2
288 314 2
288 330 2
288 346 2
288 362 2
288 378 2
288 394 2
288 410 2
288 426 2
288 442 2
288 458 2
288 474 2
288 490 2
288 506 2
288 522 2
304 522 2
304 506 2
304 490 2
304 474 2
304 458 2
304 442 2
304 426 2
304 410 2
304 394 2
304 378 2
304 362 2
304 346 2
304 330 2
304 314 2
304 298 2
304 282 2
304 266 2
304 250 2
304 234 2
304 218 2
304 202 2
304 186 2
304 170 2
304 154 2
304 138 2
320 138 2
320 154 2
320 170 2
320 186 2
320 202 2
320 218 2
320 234 2
320 250 2
320 266 2
320 282 2
320 298 2
320 314 2
320 330 2
320 346 2
320 362 2
320 378 2
320 394 2
320 410 2
320 426 2
320 442 2
320 458 2
320 474 2
320 490 2
320 506 2
320 522 2
272 506 2
256 506 2
240 506 2
224 506 2
208 506 2
192 506 2
176 506 2
160 506 2
144 506 2
128 506 2
112 506 2
96 506 2
80 506 2
64 506 2
48 506 2
48 490 2
48 474 2
64 474 2
64 458 2
64 442 2
80 474 2
80 490 2
80 458 2
64 426 2
64 394 2
64 378 2
208 362 2
224 378 2
224 394 2
224 410 2
224 426 2
224 442 2
224 458 2
224 474 2
224 490 2
272 490 2
272 474 2
272 458 2
272 442 2
272 426 2
272 410 2
272 394 2
272 378 2
272 362 2
272 346 2
272 330 2
272 314 2
272 298 2
272 282 2
272 266 2
272 250 2
272 234 2
272 218 2
272 202 2
272 186 2
272 170 2
272 154 2
272 138 2
272 522 2
256 522 2
240 522 2
224 522 2
208 522 2
192 522 2
176 522 2
160 522 2
144 522 2
128 522 2
112 522 2
96 522 2
80 522 2
64 522 2
48 522 2
32 522 2
32 490 2
64 490 2
96 490 2
112 490 2
128 490 2
144 490 2
160 490 2
176 490 2
192 490 2
208 490 2
240 490 2
256 490 2
256 474 2
240 474 2
208 474 2
192 474 2
176 474 2
160 474 2
144 474 2
128 474 2
112 474 2
96 474 2
32 474 2
32 458 2
48 458 2
96 458 2
112 458 2
128 458 2
144 458 2
160 458 2
176 458 2
192 458 2
208 458 2
240 458 2
256 458 2
256 442 2
240 442 2
208 442 2
192 442 2
176 442 2
160 442 2
144 442 2
128 442 2
112 442 2
96 442 2
80 442 2
48 442 2
32 442 2
32 426 2
48 426 2
80 426 2
96 426 2
112 426 2
128 426 2
144 426 2
160 426 2
176 426 2
192 426 2
208 426 2
240 426 2
256 426 2
256 410 2
240 410 2
208 410 2
192 410 2
176 410 2
160 410 2
144 410 2
128 410 2
112 410 2
96 410 2
80 410 2
64 410 2
48 410 2
32 410 2
32 394 2
48 394 2
80 394 2
96 394 2
112 394 2
128 394 2
144 394 2
160 394 2
176 394 2
192 394 2
208 394 2
240 394 2
256 394 2
256 378 2
240 378 2
208 378 2
192 378 2
176 378 2
160 378 2
144 378 2
128 378 2
112 378 2
96 378 2
80 378 2
48 378 2
32 378 2
144 362 2
160 362 2
176 362 2
192 362 2
224 362 2
32 506 2
32 538 2
48 538 2
64 538 2
80 538 2
96 538 2
112 538 2
128 538 2
144 538 2
160 538 2
176 538 2
192 538 2
208 538 2
224 538 2
240 538 2
256 538 2
272 538 2
288 538 2
304 538 2
320 538 2
336 538 2
352 538 2
368 538 2
384 538 2
400 538 2
432 538 2
448 538 2
464 538 2
480 538 2
496 538 2
512 538 2
528 538 2
544 538 2
560 538 2
576 538 2
592 538 2
608 538 2
624 538 2
640 538 2
656 538 2
672 538 2
688 538 2
704 538 2
720 538 2
736 538 2
752 538 2
768 538 2
784 538 2
800 538 2
816 538 2
832 538 2
848 538 2
864 538 2
864 554 2
864 570 2
864 586 2
864 602 2
864 618 2
848 634 2
832 634 2
832 650 2
816 650 2
800 650 2
784 650 2
768 650 2
752 650 2
736 650 2
720 650 2
704 650 2
688 650 2
672 650 2
656 650 2
640 650 2
624 650 2
608 650 2
592 650 2
576 650 2
560 650 2
544 650 2
528 650 2
512 650 2
496 650 2
480 650 2
464 650 2
448 650 2
432 650 2
416 650 2
400 650 2
384 650 2
368 650 2
352 650 2
336 650 2
320 650 2
304 650 2
288 650 2
272 650 2
256 650 2
240 650 2
224 650 2
208 650 2
192 650 2
176 650 2
160 650 2
144 650 2
128 650 2
112 650 2
96 650 2
80 650 2
64 650 2
48 650 2
32 650 2
32 778 2
48 794 2
64 810 2
80 826 2
96 842 2
112 858 2
128 874 2
144 890 2
160 906 2
176 922 2
192 922 2
208 922 2
224 922 2
240 922 2
256 922 2
272 922 2
288 922 2
304 922 2
320 922 2
336 922 2
352 922 2
368 922 2
384 922 2
400 922 2
416 922 2
432 922 2
448 922 2
464 922 2
480 922 2
496 922 2
512 922 2
528 922 2
544 922 2
560 922 2
576 922 2
592 922 2
608 922 2
624 922 2
640 922 2
656 922 2
672 922 2
688 922 2
704 922 2
720 906 2
736 890 2
736 874 2
736 858 2
736 842 2
736 826 2
736 810 2
736 794 2
736 778 2
736 762 2
736 746 2
736 730 2
720 714 2
704 714 2
704 698 2
688 682 2
672 666 2
640 634 2
624 634 2
624 618 2
608 602 2
592 602 2
576 602 2
560 602 2
544 602 2
528 602 2
512 618 2
496 634 2
464 666 2
448 682 2
432 698 2
416 714 2
400 730 2
384 730 2
384 746 2
368 762 2
352 778 2
336 794 2
320 810 2
304 810 2
304 826 2
288 842 2
272 858 2
256 874 2
240 890 2
224 890 2
208 890 2
192 890 2
176 890 2
160 874 2
144 874 2
144 858 2
128 842 2
112 826 2
96 810 2
80 794 2
64 794 2
64 778 2
48 762 2
64 746 2
64 730 2
80 730 2
96 714 2
112 698 2
128 682 2
144 666 2
176 634 2
192 618 2
208 618 2
224 618 2
240 618 2
256 618 2
272 618 2
288 634 2
320 666 2
336 682 2
352 698 2
368 714 2
400 746 2
416 762 2
432 778 2
448 794 2
464 810 2
480 826 2
496 842 2
512 842 2
528 842 2
544 842 2
560 842 2
576 842 2
576 826 2
592 810 2
592 794 2
592 778 2
592 762 2
592 746 2
576 730 2
560 714 2
544 714 2
544 698 2
528 682 2
512 666 2
496 666 2
480 666 2
448 666 2
464 682 2
448 698 2
448 714 2
432 714 2
432 730 2
448 730 2
448 746 2
448 762 2
432 794 2
416 810 2
400 810 2
384 826 2
352 842 2
320 842 2
304 842 2
272 842 2
256 826 2
256 810 2
272 826 2
240 874 2
224 874 2
208 874 2
192 858 2
192 842 2
208 842 2
224 842 2
224 826 2
224 810 2
224 794 2
224 778 2
224 746 2
224 730 2
224 714 2
224 698 2
208 698 2
192 682 2
192 666 2
176 666 2
160 666 2
144 682 2
144 698 2
144 714 2
144 730 2
144 746 2
160 746 2
176 746 2
208 746 2
240 746 2
256 730 2
272 714 2
272 698 2
256 682 2
240 666 2
224 666 2
32 554 2
48 554 2
64 554 2
80 554 2
96 554 2
112 554 2
128 554 2
144 554 2
160 554 2
176 554 2
192 554 2
208 554 2
224 554 2
240 554 2
256 554 2
272 554 2
288 554 2
304 554 2
320 554 2
336 554 2
352 554 2
368 554 2
384 554 2
400 554 2
416 554 2
432 554 2
448 554 2
464 554 2
480 554 2
496 554 2
512 554 2
528 554 2
544 554 2
560 554 2
576 554 2
592 554 2
608 554 2
624 554 2
640 554 2
656 554 2
672 554 2
688 554 2
704 554 2
720 554 2
736 554 2
752 554 2
768 554 2
784 554 2
800 554 2
816 554 2
832 554 2
848 554 2
848 570 2
848 586 2
832 586 2
816 586 2
800 586 2
784 586 2
768 586 2
752 586 2
736 586 2
720 586 2
704 586 2
688 586 2
672 586 2
656 586 2
640 586 2
624 586 2
608 586 2
592 586 2
576 586 2
560 586 2
544 586 2
528 586 2
512 586 2
496 586 2
480 586 2
464 586 2
448 586 2
432 586 2
416 586 2
400 586 2
384 586 2
368 586 2
336 586 2
320 586 2
304 586 2
288 586 2
272 586 2
256 586 2
240 586 2
224 586 2
208 586 2
192 586 2
176 586 2
160 586 2
144 586 2
128 586 2
112 586 2
96 586 2
80 586 2
64 586 2
48 586 2
32 586 2
784 1002 2
784 986 2
784 970 2
784 954 2
784 938 2
784 922 2
784 906 2
784 890 2
784 874 2
784 858 2
784 842 2
784 826 2
784 810 2
784 794 2
784 778 2
784 762 2
784 746 2
784 730 2
784 714 2
784 698 2
784 682 2
784 666 2
784 634 2
784 618 2
784 602 2
784 570 2
768 570 2
752 570 2
736 570 2
720 570 2
704 570 2
688 570 2
672 570 2
656 570 2
640 570 2
624 570 2
608 570 2
592 570 2
576 570 2
560 570 2
544 570 2
528 570 2
512 570 2
496 570 2
480 570 2
464 570 2
448 570 2
432 570 2
416 570 2
400 570 2
384 570 2
368 570 2
352 570 2
336 570 2
320 570 2
304 570 2
288 570 2
272 570 2
256 570 2
240 570 2
224 570 2
208 570 2
192 570 2
176 570 2
160 570 2
144 570 2
128 570 2
112 570 2
96 570 2
80 570 2
64 570 2
48 570 2
32 570 2
32 746 2
48 778 2
64 762 2
64 714 2
64 698 2
64 682 2
48 666 2
880 538 2
896 538 2
480 506 2
480 490 2
480 474 2
480 458 2
480 442 2
480 426 2
480 410 2
480 394 2
480 378 2
480 362 2
480 346 2
480 330 2
480 314 2
480 234 2
480 218 2
480 202 2
480 186 2
480 170 2
480 154 2
480 138 2
784 138 2
784 154 2
784 170 2
784 186 2
784 202 2
784 218 2
784 234 2
784 250 2
784 266 2
784 282 2
784 298 2
784 314 2
784 330 2
784 346 2
784 362 2
784 378 2
784 394 2
784 410 2
784 426 2
784 442 2
784 458 2
784 474 2
784 490 2
768 506 2
768 522 2
752 522 2
672 522 2
672 506 2
672 490 2
672 474 2
672 458 2
672 442 2
672 426 2
672 410 2
672 394 2
672 378 2
672 362 2
672 346 2
672 330 2
672 314 2
672 298 2
672 282 2
672 266 2
672 250 2
672 234 2
672 218 2
672 202 2
672 186 2
672 170 2
672 154 2
672 138 2
688 138 2
704 138 2
720 138 2
736 138 2
752 138 2
768 138 2
800 138 2
816 138 2
816 154 2
816 170 2
816 186 2
816 202 2
816 218 2
816 234 2
816 250 2
816 266 2
816 282 2
816 298 2
816 314 2
800 330 2
768 362 2
752 378 2
736 378 2
736 394 2
720 410 2
720 394 2
720 378 2
720 362 2
720 346 2
720 330 2
720 314 2
720 298 2
720 282 2
720 266 2
720 250 2
720 234 2
720 218 2
720 202 2
720 186 2
720 170 2
720 154 2
736 154 2
736 170 2
736 186 2
736 202 2
736 218 2
736 234 2
736 250 2
736 266 2
736 282 2
736 298 2
736 314 2
736 330 2
736 346 2
736 362 2
736 410 2
736 442 2
736 458 2
736 474 2
736 490 2
736 506 2
736 522 2
736 426 2
752 410 2
752 330 2
720 458 2
720 506 2
720 442 2
720 522 2
720 474 2
752 298 2
752 218 2
752 186 2
752 170 2
752 234 2
768 314 2
768 394 2
752 442 2
752 458 2
752 394 2
752 314 2
752 250 2
752 282 2
752 362 2
752 474 2
768 426 2
768 458 2
768 474 2
768 330 2
768 266 2
768 234 2
768 218 2
768 202 2
768 186 2
768 170 2
768 154 2
768 250 2
768 282 2
768 298 2
768 346 2
768 378 2
768 410 2
768 442 2
768 490 2
768 602 2
768 618 2
768 634 2
768 666 2
768 682 2
768 698 2
768 714 2
768 730 2
768 746 2
768 762 2
768 778 2
768 794 2
768 810 2
768 826 2
768 842 2
768 858 2
768 874 2
768 890 2
768 906 2
768 922 2
768 938 2
768 954 2
768 970 2
768 986 2
768 1002 2
752 1002 2
736 1002 2
720 1002 2
704 1002 2
688 1002 2
672 1002 2
656 1002 2
640 1002 2
624 1002 2
608 1002 2
592 1002 2
576 1002 2
560 1002 2
544 1002 2
528 1002 2
512 1002 2
496 1002 2
480 1002 2
464 1002 2
448 1002 2
432 1002 2
416 1002 2
400 1002 2
384 1002 2
368 1002 2
352 1002 2
336 1002 2
320 1002 2
304 1002 2
288 1002 2
272 1002 2
256 1002 2
240 1002 2
224 1002 2
208 1002 2
192 1002 2
176 1002 2
160 1002 2
144 1002 2
128 1002 2
112 1002 2
96 1002 2
80 1002 2
64 1002 2
48 1002 2
32 1002 2
32 986 2
32 970 2
32 954 2
32 938 2
32 922 2
32 906 2
32 890 2
32 874 2
32 858 2
32 842 2
32 826 2
32 810 2
32 794 2
32 762 2
32 730 2
32 714 2
32 698 2
32 682 2
32 666 2
32 634 2
32 618 2
32 602 2
48 602 2
64 602 2
80 602 2
96 602 2
112 602 2
128 602 2
144 602 2
160 602 2
176 602 2
192 602 2
208 602 2
224 602 2
240 602 2
256 602 2
272 602 2
288 602 2
304 602 2
320 602 2
336 602 2
352 602 2
368 602 2
384 602 2
400 602 2
416 602 2
432 602 2
448 602 2
464 602 2
480 602 2
496 602 2
512 602 2
624 602 2
640 602 2
656 602 2
672 602 2
688 602 2
704 602 2
720 602 2
736 602 2
752 602 2
752 618 2
736 618 2
720 618 2
704 618 2
688 618 2
672 618 2
656 618 2
640 618 2
608 618 2
592 618 2
576 618 2
560 618 2
544 618 2
528 618 2
496 618 2
480 618 2
464 618 2
448 618 2
432 618 2
416 618 2
400 618 2
384 618 2
368 618 2
352 618 2
336 618 2
320 618 2
304 618 2
288 618 2
176 618 2
160 618 2
144 618 2
128 618 2
112 618 2
96 618 2
80 618 2
64 618 2
48 618 2
48 634 2
64 634 2
80 634 2
96 634 2
112 634 2
128 634 2
144 634 2
160 634 2
192 634 2
208 634 2
224 634 2
240 634 2
256 634 2
272 634 2
304 634 2
320 634 2
336 634 2
352 634 2
368 634 2
384 634 2
400 634 2
416 634 2
432 634 2
448 634 2
464 634 2
512 634 2
528 634 2
544 634 2
560 634 2
576 634 2
592 634 2
608 634 2
656 634 2
672 634 2
688 634 2
704 634 2
720 634 2
736 634 2
752 634 2
752 666 2
736 666 2
720 666 2
704 666 2
688 666 2
656 666 2
640 666 2
624 666 2
608 666 2
592 666 2
576 666 2
560 666 2
544 666 2
528 666 2
432 666 2
416 666 2
400 666 2
384 666 2
368 666 2
352 666 2
336 666 2
304 666 2
288 666 2
272 666 2
256 666 2
208 666 2
128 666 2
112 666 2
96 666 2
80 666 2
64 666 2
48 682 2
80 682 2
96 682 2
112 682 2
160 682 2
176 682 2
208 682 2
224 682 2
240 682 2
272 682 2
288 682 2
304 682 2
320 682 2
352 682 2
368 682 2
384 682 2
400 682 2
416 682 2
432 682 2
480 682 2
496 682 2
544 682 2
560 682 2
576 682 2
592 682 2
608 682 2
624 682 2
640 682 2
656 682 2
672 682 2
704 682 2
720 682 2
736 682 2
752 682 2
752 698 2
736 698 2
720 698 2
688 698 2
672 698 2
656 698 2
640 698 2
624 698 2
608 698 2
592 698 2
576 698 2
560 698 2
528 698 2
512 698 2
496 698 2
480 698 2
464 698 2
416 698 2
400 698 2
384 698 2
368 698 2
336 698 2
320 698 2
304 698 2
256 698 2
240 698 2
192 698 2
176 698 2
160 698 2
128 698 2
96 698 2
80 698 2
48 698 2
48 714 2
80 714 2
112 714 2
128 714 2
160 714 2
176 714 2
192 714 2
208 714 2
240 714 2
256 714 2
288 714 2
304 714 2
320 714 2
336 714 2
352 714 2
384 714 2
400 714 2
464 714 2
480 714 2
512 714 2
528 714 2
576 714 2
592 714 2
608 714 2
624 714 2
640 714 2
656 714 2
672 714 2
688 714 2
752 714 2
736 714 2
752 730 2
720 730 2
704 730 2
688 730 2
672 730 2
656 730 2
640 730 2
624 730 2
608 730 2
592 730 2
560 730 2
544 730 2
528 730 2
512 730 2
496 730 2
480 730 2
464 730 2
416 730 2
368 730 2
352 730 2
336 730 2
320 730 2
304 730 2
288 730 2
272 730 2
240 730 2
208 730 2
192 730 2
176 730 2
160 730 2
112 730 2
96 730 2
48 730 2
48 746 2
80 746 2
96 746 2
112 746 2
128 746 2
192 746 2
256 746 2
272 746 2
288 746 2
304 746 2
320 746 2
336 746 2
352 746 2
368 746 2
416 746 2
432 746 2
480 746 2
496 746 2
512 746 2
528 746 2
544 746 2
560 746 2
576 746 2
608 746 2
624 746 2
640 746 2
656 746 2
688 746 2
704 746 2
720 746 2
752 746 2
800 746 2
752 762 2
720 762 2
704 762 2
688 762 2
672 762 2
656 762 2
640 762 2
624 762 2
608 762 2
576 762 2
560 762 2
544 762 2
528 762 2
512 762 2
496 762 2
480 762 2
464 762 2
432 762 2
400 762 2
384 762 2
352 762 2
336 762 2
320 762 2
304 762 2
288 762 2
272 762 2
256 762 2
240 762 2
224 762 2
208 762 2
176 762 2
160 762 2
144 762 2
128 762 2
112 762 2
96 762 2
80 762 2
80 778 2
96 778 2
112 778 2
128 778 2
144 778 2
160 778 2
176 778 2
192 778 2
208 778 2
256 778 2
272 778 2
288 778 2
304 778 2
320 778 2
336 778 2
368 778 2
384 778 2
400 778 2
416 778 2
448 778 2
464 778 2
480 778 2
496 778 2
512 778 2
528 778 2
544 778 2
560 778 2
576 778 2
608 778 2
624 778 2
640 778 2
672 778 2
688 778 2
704 778 2
720 778 2
752 778 2
800 778 2
752 794 2
720 794 2
704 794 2
688 794 2
672 794 2
640 794 2
624 794 2
608 794 2
576 794 2
560 794 2
544 794 2
528 794 2
512 794 2
496 794 2
480 794 2
464 794 2
416 794 2
400 794 2
384 794 2
368 794 2
352 794 2
320 794 2
304 794 2
288 794 2
272 794 2
256 794 2
240 794 2
208 794 2
192 794 2
176 794 2
160 794 2
144 794 2
128 794 2
112 794 2
96 794 2
48 810 2
80 810 2
112 810 2
128 810 2
144 810 2
160 810 2
176 810 2
192 810 2
208 810 2
240 810 2
272 810 2
288 810 2
336 810 2
352 810 2
368 810 2
384 810 2
432 810 2
448 810 2
480 810 2
496 810 2
512 810 2
528 810 2
544 810 2
560 810 2
576 810 2
608 810 2
624 810 2
640 810 2
656 810 2
672 810 2
688 810 2
704 810 2
720 810 2
752 810 2
752 826 2
720 826 2
704 826 2
688 826 2
672 826 2
656 826 2
640 826 2
624 826 2
608 826 2
592 826 2
560 826 2
544 826 2
512 826 2
496 826 2
464 826 2
448 826 2
432 826 2
416 826 2
400 826 2
368 826 2
352 826 2
336 826 2
320 826 2
288 826 2
240 826 2
208 826 2
192 826 2
176 826 2
160 826 2
144 826 2
128 826 2
96 826 2
64 826 2
48 826 2
48 842 2
64 842 2
80 842 2
112 842 2
144 842 2
160 842 2
176 842 2
240 842 2
256 842 2
336 842 2
368 842 2
384 842 2
400 842 2
416 842 2
432 842 2
448 842 2
464 842 2
480 842 2
592 842 2
608 842 2
624 842 2
640 842 2
656 842 2
672 842 2
688 842 2
704 842 2
720 842 2
752 842 2
752 858 2
720 858 2
704 858 2
688 858 2
672 858 2
656 858 2
624 858 2
608 858 2
592 858 2
576 858 2
560 858 2
544 858 2
528 858 2
512 858 2
496 858 2
480 858 2
464 858 2
448 858 2
432 858 2
416 858 2
400 858 2
384 858 2
368 858 2
352 858 2
336 858 2
320 858 2
304 858 2
288 858 2
256 858 2
240 858 2
224 858 2
208 858 2
176 858 2
160 858 2
128 858 2
96 858 2
80 858 2
64 858 2
48 874 2
48 858 2
64 874 2
80 874 2
96 874 2
112 874 2
176 874 2
192 874 2
272 874 2
288 874 2
304 874 2
320 874 2
336 874 2
352 874 2
368 874 2
384 874 2
400 874 2
416 874 2
432 874 2
448 874 2
464 874 2
480 874 2
496 874 2
528 874 2
544 874 2
560 874 2
576 874 2
592 874 2
608 874 2
624 874 2
640 874 2
656 874 2
672 874 2
688 874 2
704 874 2
720 874 2
752 874 2
752 890 2
720 890 2
704 890 2
688 890 2
672 890 2
656 890 2
640 890 2
624 890 2
608 890 2
592 890 2
576 890 2
544 890 2
528 890 2
512 890 2
496 890 2
480 890 2
464 890 2
448 890 2
432 890 2
416 890 2
400 890 2
384 890 2
368 890 2
352 890 2
336 890 2
320 890 2
304 890 2
288 890 2
272 890 2
256 890 2
160 890 2
128 890 2
112 890 2
96 890 2
80 890 2
64 890 2
48 890 2
48 906 2
64 906 2
80 906 2
96 906 2
112 906 2
128 906 2
144 906 2
176 906 2
192 906 2
208 906 2
224 906 2
240 906 2
256 906 2
272 906 2
288 906 2
304 906 2
320 906 2
336 906 2
352 906 2
368 906 2
384 906 2
400 906 2
416 906 2
432 906 2
448 906 2
464 906 2
480 906 2
496 906 2
512 906 2
528 906 2
544 906 2
560 906 2
576 906 2
592 906 2
608 906 2
624 906 2
640 906 2
656 906 2
672 906 2
688 906 2
704 906 2
736 906 2
752 906 2
752 922 2
736 922 2
720 922 2
160 922 2
144 922 2
128 922 2
96 922 2
80 922 2
64 922 2
48 922 2
48 938 2
64 938 2
80 938 2
96 938 2
112 938 2
128 938 2
144 938 2
160 938 2
176 938 2
192 938 2
208 938 2
224 938 2
240 938 2
256 938 2
272 938 2
288 938 2
304 938 2
320 938 2
336 938 2
352 938 2
368 938 2
384 938 2
400 938 2
416 938 2
432 938 2
448 938 2
464 938 2
480 938 2
496 938 2
512 938 2
528 938 2
544 938 2
560 938 2
576 938 2
592 938 2
608 938 2
624 938 2
640 938 2
656 938 2
672 938 2
688 938 2
704 938 2
720 938 2
736 938 2
752 938 2
752 954 2
736 954 2
720 954 2
704 954 2
688 954 2
672 954 2
656 954 2
640 954 2
624 954 2
608 954 2
592 954 2
576 954 2
560 954 2
544 954 2
528 954 2
512 954 2
496 954 2
480 954 2
464 954 2
448 954 2
432 954 2
416 954 2
400 954 2
384 954 2
368 954 2
352 954 2
336 954 2
320 954 2
304 954 2
288 954 2
272 954 2
256 954 2
240 954 2
224 954 2
208 954 2
192 954 2
176 954 2
160 954 2
144 954 2
128 954 2
112 922 2
48 954 2
64 954 2
80 954 2
96 954 2
112 954 2
48 970 2
64 970 2
80 970 2
96 970 2
112 970 2
128 970 2
144 970 2
160 970 2
176 970 2
192 970 2
208 970 2
224 970 2
240 970 2
256 970 2
272 970 2
288 970 2
304 970 2
320 970 2
336 970 2
352 970 2
368 970 2
384 970 2
400 970 2
416 970 2
432 970 2
448 970 2
464 970 2
480 970 2
496 970 2
512 970 2
528 970 2
544 970 2
560 970 2
576 970 2
592 970 2
608 970 2
624 970 2
640 970 2
656 970 2
672 970 2
688 970 2
704 970 2
720 970 2
736 970 2
752 970 2
752 986 2
736 986 2
720 986 2
704 986 2
688 986 2
672 986 2
656 986 2
640 986 2
624 986 2
608 986 2
592 986 2
576 986 2
560 986 2
544 986 2
528 986 2
496 986 2
480 986 2
464 986 2
448 986 2
432 986 2
416 986 2
400 986 2
384 986 2
368 986 2
352 986 2
336 986 2
320 986 2
304 986 2
288 986 2
256 986 2
240 986 2
224 986 2
208 986 2
192 986 2
176 986 2
160 986 2
128 986 2
112 986 2
96 986 2
80 986 2
64 986 2
48 986 2
144 986 2
272 986 2
512 986 2
800 986 2
816 986 2
800 1002 2
816 1002 2
832 1002 2
896 1002 2
896 986 2
912 810 2
896 170 2
896 154 2
896 138 2
880 154 2
864 154 2
864 138 2
880 138 2
880 170 2
896 186 2
896 202 2
896 682 2
896 698 2
896 714 2
896 730 2
896 746 2
896 762 2
896 794 2
896 810 2
896 826 2
896 842 2
896 858 2
896 874 2
896 890 2
896 906 2
896 922 2
896 938 2
896 954 2
896 970 2
880 1002 2
864 1002 2
880 986 2
880 970 2
880 954 2
880 938 2
880 922 2
880 906 2
880 890 2
880 874 2
880 858 2
880 842 2
880 826 2
880 794 2
880 778 2
880 762 2
880 746 2
880 730 2
880 714 2
880 698 2
880 682 2
880 666 2
880 650 2
880 634 2
880 618 2
880 602 2
880 586 2
880 570 2
880 554 2
880 522 2
880 506 2
880 490 2
880 474 2
880 442 2
880 426 2
880 410 2
880 394 2
880 378 2
880 362 2
880 346 2
880 330 2
880 314 2
880 298 2
880 282 2
880 266 2
880 250 2
880 234 2
880 218 2
880 202 2
880 186 2
848 138 2
832 138 2
800 154 2
800 170 2
800 186 2
800 202 2
800 218 2
800 234 2
800 250 2
800 266 2
800 282 2
800 298 2
800 314 2
800 346 2
800 362 2
800 378 2
800 394 2
800 410 2
800 426 2
800 442 2
800 458 2
800 474 2
800 490 2
800 506 2
800 522 2
800 570 2
800 602 2
800 618 2
800 634 2
800 666 2
800 682 2
800 698 2
800 714 2
800 730 2
800 762 2
800 794 2
800 810 2
800 826 2
800 842 2
800 858 2
800 874 2
800 890 2
800 906 2
800 922 2
800 938 2
800 954 2
800 970 2
848 1002 2
848 986 2
848 970 2
848 938 2
848 922 2
848 906 2
848 890 2
848 874 2
848 858 2
848 842 2
848 826 2
848 810 2
848 794 2
848 778 2
848 762 2
848 746 2
848 730 2
848 714 2
848 698 2
848 682 2
848 666 2
848 650 2
848 618 2
848 602 2
848 506 2
848 490 2
848 474 2
848 458 2
848 442 2
848 426 2
848 410 2
848 394 2
848 378 2
848 362 2
848 346 2
848 330 2
848 314 2
848 298 2
848 282 2
848 266 2
848 250 2
848 234 2
848 218 2
848 202 2
848 186 2
848 170 2
848 154 2
864 170 2
864 186 2
864 202 2
864 218 2
864 234 2
864 250 2
864 266 2
864 282 2
864 298 2
864 314 2
864 330 2
864 346 2
864 362 2
864 378 2
864 394 2
864 410 2
864 426 2
864 442 2
864 458 2
864 474 2
864 490 2
864 506 2
864 522 2
864 634 2
864 650 2
864 666 2
864 682 2
864 698 2
864 714 2
864 730 2
864 746 2
864 762 2
864 778 2
864 794 2
864 810 2
864 826 2
864 842 2
864 858 2
864 874 2
864 906 2
864 922 2
864 938 2
864 954 2
864 970 2
848 954 2
864 986 2
832 986 2
832 970 2
832 954 2
832 938 2
832 922 2
832 906 2
832 890 2
832 874 2
832 858 2
832 842 2
832 826 2
832 810 2
832 794 2
832 778 2
832 762 2
832 746 2
832 714 2
832 698 2
832 682 2
832 666 2
832 618 2
832 602 2
832 570 2
832 522 2
832 506 2
832 490 2
832 474 2
832 458 2
832 442 2
832 426 2
832 410 2
832 394 2
832 378 2
832 362 2
832 346 2
832 330 2
832 314 2
832 298 2
832 282 2
832 266 2
832 250 2
832 234 2
832 218 2
832 202 2
832 186 2
832 170 2
832 154 2
816 474 2
816 490 2
816 506 2
816 522 2
816 634 2
816 602 2
816 570 2
816 458 2
816 442 2
816 346 2
816 330 2
816 362 2
816 378 2
816 394 2
816 410 2
816 426 2
816 618 2
816 666 2
816 682 2
816 714 2
816 730 2
816 746 2
816 762 2
816 778 2
816 794 2
816 810 2
816 826 2
816 842 2
816 858 2
816 874 2
816 890 2
816 906 2
816 922 2
816 938 2
816 954 2
816 970 2
864 890 2
896 778 2
880 810 2
896 666 2
896 650 2
896 634 2
896 618 2
896 586 2
896 570 2
896 554 2
896 506 2
896 490 2
896 458 2
896 442 2
896 426 2
896 410 2
896 394 2
896 378 2
896 362 2
896 346 2
896 330 2
896 314 2
896 298 2
896 282 2
896 266 2
896 250 2
896 234 2
896 218 2
880 458 2
896 474 2
896 522 2
896 602 2
832 730 2
816 698 2
848 522 2
784 522 2
784 506 2
752 490 2
752 506 2
720 426 2
752 426 2
720 490 2
752 346 2
656 778 2
672 746 2
656 794 2
640 858 2
512 874 2
560 890 2
528 826 2
464 746 2
496 714 2
512 682 2
480 634 2
288 698 2
240 778 2
192 762 2
128 730 2
416 538 2
352 586 2
496 522 2
480 522 2
496 506 2
496 474 2
496 458 2
496 442 2
496 426 2
496 410 2
496 394 2
496 378 2
496 362 2
496 346 2
496 330 2
496 314 2
496 298 2
496 282 2
496 266 2
496 250 2
496 234 2
496 218 2
496 202 2
496 186 2
496 170 2
496 154 2
496 138 2
512 138 2
528 138 2
544 138 2
560 138 2
576 138 2
592 138 2
608 138 2
624 138 2
640 138 2
656 138 2
704 154 2
704 170 2
704 186 2
704 202 2
704 218 2
704 234 2
704 250 2
704 266 2
704 282 2
704 298 2
704 314 2
704 330 2
704 346 2
704 362 2
704 378 2
704 394 2
704 426 2
704 442 2
704 458 2
704 474 2
704 490 2
704 506 2
704 522 2
656 522 2
688 522 2
688 506 2
688 490 2
688 458 2
688 442 2
688 426 2
688 410 2
688 394 2
688 378 2
688 362 2
688 346 2
688 330 2
688 314 2
688 298 2
688 282 2
688 266 2
688 250 2
688 234 2
688 218 2
688 186 2
688 170 2
688 154 2
688 202 2
688 474 2
656 490 2
656 506 2
656 474 2
656 458 2
656 442 2
656 426 2
656 410 2
656 394 2
656 378 2
656 362 2
656 346 2
656 330 2
656 314 2
656 298 2
656 282 2
656 266 2
656 250 2
656 234 2
656 218 2
656 202 2
656 186 2
656 170 2
656 154 2
640 154 2
624 154 2
608 154 2
592 154 2
576 154 2
560 154 2
544 154 2
512 154 2
512 170 2
528 170 2
528 154 2
544 170 2
560 170 2
576 170 2
592 170 2
608 170 2
624 170 2
640 170 2
640 186 2
624 186 2
608 186 2
592 186 2
576 186 2
560 186 2
544 186 2
528 186 2
512 186 2
512 202 2
528 202 2
544 202 2
560 202 2
576 202 2
608 202 2
624 202 2
640 202 2
640 218 2
624 218 2
592 202 2
624 234 2
624 250 2
624 266 2
624 282 2
624 298 2
640 298 2
640 314 2
640 346 2
640 362 2
640 378 2
640 394 2
640 410 2
640 426 2
640 442 2
640 458 2
640 474 2
640 490 2
640 506 2
640 522 2
624 522 2
608 522 2
592 522 2
576 522 2
560 522 2
544 522 2
528 522 2
512 522 2
512 506 2
512 490 2
512 474 2
512 458 2
512 442 2
512 426 2
512 410 2
512 394 2
512 378 2
512 362 2
512 346 2
512 330 2
512 314 2
512 298 2
512 282 2
512 266 2
512 234 2
512 218 2
528 218 2
528 234 2
528 250 2
528 266 2
528 282 2
528 298 2
528 314 2
528 330 2
528 346 2
528 362 2
528 378 2
528 394 2
528 410 2
528 426 2
528 442 2
528 458 2
528 474 2
528 490 2
528 506 2
544 506 2
544 490 2
544 474 2
544 458 2
544 442 2
544 426 2
544 410 2
544 394 2
544 378 2
544 362 2
544 346 2
544 330 2
544 314 2
544 298 2
544 282 2
544 266 2
544 250 2
544 234 2
544 218 2
560 218 2
560 234 2
560 250 2
560 266 2
560 298 2
560 314 2
560 330 2
560 346 2
560 378 2
560 394 2
560 410 2
560 426 2
560 458 2
560 474 2
560 490 2
560 506 2
576 506 2
576 490 2
576 458 2
576 442 2
576 426 2
576 410 2
576 378 2
576 362 2
576 346 2
576 330 2
576 314 2
576 298 2
576 282 2
576 266 2
576 250 2
576 234 2
576 218 2
592 218 2
592 234 2
592 250 2
592 266 2
592 282 2
592 298 2
592 314 2
592 330 2
592 346 2
592 362 2
592 378 2
592 394 2
592 410 2
576 474 2
592 474 2
592 490 2
592 506 2
608 506 2
608 490 2
624 474 2
624 458 2
624 442 2
624 426 2
624 410 2
624 394 2
624 378 2
624 362 2
624 346 2
624 330 2
624 314 2
608 218 2
608 234 2
608 250 2
608 266 2
608 282 2
608 298 2
608 314 2
608 330 2
608 346 2
608 362 2
608 378 2
608 394 2
608 410 2
608 426 2
608 442 2
608 458 2
608 474 2
624 490 2
624 506 2
592 458 2
560 442 2
592 426 2
592 442 2
496 490 2
576 394 2
560 362 2
560 282 2
512 250 2
640 234 2
640 250 2
640 266 2
640 282 2
640 330 2
704 410 2
752 266 2
752 202 2
752 154 2
0 570 1
0 586 1
0 602 1
0 618 1
0 634 1
0 650 1
0 666 1
0 682 1
0 714 1
0 730 1
0 746 1
0 762 1
0 778 1
0 794 1
0 810 1
0 826 1
0 842 1
0 858 1
0 874 1
0 890 1
0 906 1
0 922 1
0 938 1
0 954 1
0 970 1
0 986 1
0 1002 1
0 1018 1
0 1034 1
0 698 1
16 1034 1
32 1034 1
48 1034 1
64 1034 1
80 1034 1
96 1034 1
112 1034 1
128 1034 1
144 1034 1
160 1034 1
176 1034 1
192 1034 1
208 1034 1
224 1034 1
240 1034 1
256 1034 1
272 1034 1
304 1034 1
320 1034 1
336 1034 1
352 1034 1
384 1034 1
400 1034 1
416 1034 1
432 1034 1
464 1034 1
480 1034 1
496 1034 1
512 1034 1
544 1034 1
560 1034 1
576 1034 1
592 1034 1
624 1034 1
640 1034 1
656 1034 1
672 1034 1
688 1034 1
704 1034 1
720 1034 1
736 1034 1
752 1034 1
768 1034 1
608 1034 1
528 1034 1
448 1034 1
368 1034 1
288 1034 1
800 1034 1
816 1034 1
832 1034 1
848 1034 1
880 1034 1
912 1034 1
784 1034 1
864 1034 1
896 1034 1
928 1034 1
944 1034 1
928 986 1
928 970 1
928 954 1
928 938 1
928 906 1
928 890 1
928 874 1
928 858 1
928 826 1
928 810 1
928 794 1
928 778 1
928 746 1
928 730 1
928 714 1
928 698 1
928 682 1
928 666 1
928 650 1
928 634 1
928 618 1
928 602 1
928 586 1
928 570 1
928 554 1
928 538 1
928 522 1
928 506 1
928 490 1
928 474 1
928 458 1
928 442 1
928 426 1
928 410 1
928 394 1
928 378 1
928 362 1
928 346 1
928 330 1
928 314 1
928 298 1
928 282 1
928 266 1
928 250 1
928 234 1
928 218 1
928 202 1
928 186 1
928 154 1
928 138 1
928 122 1
928 106 1
928 170 1
928 90 1
944 90 1
944 106 1
944 122 1
944 138 1
944 154 1
944 170 1
944 186 1
944 202 1
944 218 1
944 234 1
944 250 1
944 266 1
944 282 1
944 298 1
944 314 1
944 330 1
944 346 1
944 362 1
944 378 1
944 394 1
944 410 1
944 426 1
944 442 1
944 458 1
944 474 1
944 490 1
944 506 1
944 538 1
944 554 1
944 570 1
944 586 1
944 602 1
944 618 1
944 634 1
944 650 1
944 666 1
944 682 1
944 698 1
944 714 1
944 746 1
944 762 1
944 778 1
944 794 1
944 826 1
944 842 1
944 858 1
944 874 1
944 890 1
944 906 1
944 922 1
944 938 1
944 954 1
944 970 1
944 986 1
944 1002 1
928 1002 1
928 922 1
928 842 1
928 762 1
944 810 1
944 730 1
944 522 1
912 106 1
896 106 1
880 106 1
864 106 1
848 106 1
816 106 1
800 106 1
784 106 1
768 106 1
752 106 1
736 106 1
720 106 1
704 106 1
688 106 1
672 106 1
656 106 1
640 106 1
624 106 1
608 106 1
592 106 1
576 106 1
560 106 1
544 106 1
528 106 1
512 106 1
496 106 1
496 90 1
512 90 1
528 90 1
544 90 1
560 90 1
576 90 1
592 90 1
624 90 1
640 90 1
656 90 1
672 90 1
832 106 1
848 90 1
864 90 1
880 90 1
896 90 1
912 90 1
768 90 1
752 90 1
736 90 1
704 90 1
688 90 1
608 90 1
720 90 1
784 90 1
800 90 1
816 90 1
480 90 1
832 90 1
480 106 1
464 522 2
464 506 2
464 490 2
464 474 2
464 458 2
464 442 2
464 426 2
464 410 2
464 394 2
464 378 2
480 250 2
464 218 2
464 202 2
464 186 2
464 170 2
464 154 2
464 138 2
448 138 2
480 266 2
480 282 2
480 298 2
464 282 2
464 314 2
464 330 2
448 330 2
448 298 2
448 234 2
448 202 2
432 202 2
432 234 2
432 266 2
432 282 2
448 266 2
432 218 2
448 154 2
448 170 2
448 186 2
432 186 2
448 218 2
464 234 2
464 250 2
448 250 2
432 250 2
448 282 2
464 266 2
464 298 2
464 346 2
464 362 2
448 362 2
448 346 2
448 314 2
448 378 2
448 394 2
448 410 2
448 426 2
448 442 2
448 458 2
448 474 2
448 490 2
448 506 2
448 522 2
0 122 1
16 122 1
48 90 1
32 106 1
912 122 2
896 122 2
880 122 2
864 122 2
848 122 2
832 122 2
816 122 2
800 122 2
784 122 2
768 122 2
752 122 2
736 122 2
720 122 2
704 122 2
688 122 2
672 122 2
656 122 2
640 122 2
624 122 2
608 122 2
592 122 2
576 122 2
560 122 2
544 122 2
528 122 2
512 122 2
496 122 2
480 122 2
464 122 2
448 122 2
416 122 2
400 122 2
384 122 2
432 122 2
368 122 2
352 122 2
336 122 2
320 122 2
304 122 2
288 122 2
272 122 2
256 122 2
240 122 2
224 122 2
208 122 2
192 122 2
176 122 2
160 122 2
144 122 2
128 122 2
112 122 2
96 122 2
80 122 2
64 122 2
48 122 2
32 122 2
912 138 2
912 154 2
912 170 2
912 186 2
912 202 2
912 218 2
912 234 2
912 250 2
912 266 2
912 282 2
912 298 2
912 314 2
912 330 2
912 346 2
912 362 2
912 378 2
912 394 2
912 410 2
912 426 2
912 442 2
912 458 2
912 474 2
912 490 2
912 506 2
912 522 2
912 538 2
912 554 2
912 570 2
912 602 2
912 618 2
912 634 2
912 650 2
912 682 2
912 698 2
912 714 2
912 730 2
912 746 2
912 762 2
912 778 2
912 794 2
912 826 2
912 842 2
912 858 2
912 874 2
912 890 2
912 906 2
912 922 2
912 938 2
912 954 2
912 970 2
912 986 2
912 1002 2
912 666 2
912 586 2
944 1018 1
928 1018 1
912 1018 1
896 1018 1
880 1018 1
864 1018 1
848 1018 1
832 1018 1
816 1018 1
800 1018 1
784 1018 1
768 1018 1
752 1018 1
736 1018 1
720 1018 1
704 1018 1
688 1018 1
672 1018 1
656 1018 1
640 1018 1
624 1018 1
608 1018 1
576 1018 1
560 1018 1
544 1018 1
528 1018 1
496 1018 1
480 1018 1
464 1018 1
448 1018 1
416 1018 1
400 1018 1
384 1018 1
368 1018 1
352 1018 1
336 1018 1
320 1018 1
304 1018 1
288 1018 1
432 1018 1
512 1018 1
592 1018 1
272 1018 1
256 1018 1
240 1018 1
224 1018 1
208 1018 1
192 1018 1
176 1018 1
160 1018 1
128 1018 1
112 1018 1
96 1018 1
80 1018 1
64 1018 1
48 1018 1
32 1018 1
16 1018 1
144 1018 1
16 1002 1
16 986 1
16 970 1
16 954 1
16 938 1
16 922 1
16 906 1
16 890 1
16 858 1
16 842 1
16 826 1
16 810 1
16 778 1
16 762 1
16 746 1
16 730 1
16 714 1
16 698 1
16 682 1
16 666 1
16 650 1
16 634 1
16 618 1
16 602 1
16 586 1
16 570 1
16 794 1
16 874 1
